image: hallap1-1ommapp.pgm
resolution: 0.080000
origin: [-13.840000, -13.840000, 0.000000]
negate: 0
occupied_thresh: 0.65
free_thresh: 0.196

