image: labo122.pgm
resolution: 0.080000
origin: [-16.400000, -13.840000, 0.000000]
negate: 0
occupied_thresh: 0.65
free_thresh: 0.196

