image: labodec.pgm
resolution: 0.030000
origin: [-12.510000, -12.510000, 0.000000]
negate: 0
occupied_thresh: 0.65
free_thresh: 0.196

