image: maplab1.pgm
resolution: 0.030000
origin: [-14.430000, -13.470000, 0.000000]
negate: 0
occupied_thresh: 0.65
free_thresh: 0.196

